0 1 4 9 16 25 36 49 64 81 100 121 144 169 196 225 256 289 324 361 400 441 484 529 576 625 676 729 784 841 900 961 1024 1089 1156 1225 1296 1369 1444 1521 1600 1681 1764 1849 1936 2025 2116 2209 2304 2401 2500 2601 2704 2809 2916 3025 3136 3249 3364 3481 3600 3721 3844 3969 4096 4225 4356 4489 4624 4761 4900 5041 5184 5329 5476 5625 5776 5929 6084 6241 6400 6561 6724 6889 7056 7225 7396 7569 7744 7921 8100 8281 8464 8649 8836 9025 9216 9409 9604 9801 
1 4 9 16 25 36 49 64 81 100 121 144 169 196 225 256 289 324 361 400 441 484 529 576 625 676 729 784 841 900 961 1024 1089 1156 1225 1296 1369 1444 1521 1600 1681 1764 1849 1936 2025 2116 2209 2304 2401 2500 2601 2704 2809 2916 3025 3136 3249 3364 3481 3600 3721 3844 3969 4096 4225 4356 4489 4624 4761 4900 5041 5184 5329 5476 5625 5776 5929 6084 6241 6400 6561 6724 6889 7056 7225 7396 7569 7744 7921 8100 8281 8464 8649 8836 9025 9216 9409 9604 9801 10000 
4 9 16 25 36 49 64 81 100 121 144 169 196 225 256 289 324 361 400 441 484 529 576 625 676 729 784 841 900 961 1024 1089 1156 1225 1296 1369 1444 1521 1600 1681 1764 1849 1936 2025 2116 2209 2304 2401 2500 2601 2704 2809 2916 3025 3136 3249 3364 3481 3600 3721 3844 3969 4096 4225 4356 4489 4624 4761 4900 5041 5184 5329 5476 5625 5776 5929 6084 6241 6400 6561 6724 6889 7056 7225 7396 7569 7744 7921 8100 8281 8464 8649 8836 9025 9216 9409 9604 9801 10000 10201 
9 16 25 36 49 64 81 100 121 144 169 196 225 256 289 324 361 400 441 484 529 576 625 676 729 784 841 900 961 1024 1089 1156 1225 1296 1369 1444 1521 1600 1681 1764 1849 1936 2025 2116 2209 2304 2401 2500 2601 2704 2809 2916 3025 3136 3249 3364 3481 3600 3721 3844 3969 4096 4225 4356 4489 4624 4761 4900 5041 5184 5329 5476 5625 5776 5929 6084 6241 6400 6561 6724 6889 7056 7225 7396 7569 7744 7921 8100 8281 8464 8649 8836 9025 9216 9409 9604 9801 10000 10201 10404 
16 25 36 49 64 81 100 121 144 169 196 225 256 289 324 361 400 441 484 529 576 625 676 729 784 841 900 961 1024 1089 1156 1225 1296 1369 1444 1521 1600 1681 1764 1849 1936 2025 2116 2209 2304 2401 2500 2601 2704 2809 2916 3025 3136 3249 3364 3481 3600 3721 3844 3969 4096 4225 4356 4489 4624 4761 4900 5041 5184 5329 5476 5625 5776 5929 6084 6241 6400 6561 6724 6889 7056 7225 7396 7569 7744 7921 8100 8281 8464 8649 8836 9025 9216 9409 9604 9801 10000 10201 10404 10609 
25 36 49 64 81 100 121 144 169 196 225 256 289 324 361 400 441 484 529 576 625 676 729 784 841 900 961 1024 1089 1156 1225 1296 1369 1444 1521 1600 1681 1764 1849 1936 2025 2116 2209 2304 2401 2500 2601 2704 2809 2916 3025 3136 3249 3364 3481 3600 3721 3844 3969 4096 4225 4356 4489 4624 4761 4900 5041 5184 5329 5476 5625 5776 5929 6084 6241 6400 6561 6724 6889 7056 7225 7396 7569 7744 7921 8100 8281 8464 8649 8836 9025 9216 9409 9604 9801 10000 10201 10404 10609 10816 
36 49 64 81 100 121 144 169 196 225 256 289 324 361 400 441 484 529 576 625 676 729 784 841 900 961 1024 1089 1156 1225 1296 1369 1444 1521 1600 1681 1764 1849 1936 2025 2116 2209 2304 2401 2500 2601 2704 2809 2916 3025 3136 3249 3364 3481 3600 3721 3844 3969 4096 4225 4356 4489 4624 4761 4900 5041 5184 5329 5476 5625 5776 5929 6084 6241 6400 6561 6724 6889 7056 7225 7396 7569 7744 7921 8100 8281 8464 8649 8836 9025 9216 9409 9604 9801 10000 10201 10404 10609 10816 11025 
49 64 81 100 121 144 169 196 225 256 289 324 361 400 441 484 529 576 625 676 729 784 841 900 961 1024 1089 1156 1225 1296 1369 1444 1521 1600 1681 1764 1849 1936 2025 2116 2209 2304 2401 2500 2601 2704 2809 2916 3025 3136 3249 3364 3481 3600 3721 3844 3969 4096 4225 4356 4489 4624 4761 4900 5041 5184 5329 5476 5625 5776 5929 6084 6241 6400 6561 6724 6889 7056 7225 7396 7569 7744 7921 8100 8281 8464 8649 8836 9025 9216 9409 9604 9801 10000 10201 10404 10609 10816 11025 11236 
64 81 100 121 144 169 196 225 256 289 324 361 400 441 484 529 576 625 676 729 784 841 900 961 1024 1089 1156 1225 1296 1369 1444 1521 1600 1681 1764 1849 1936 2025 2116 2209 2304 2401 2500 2601 2704 2809 2916 3025 3136 3249 3364 3481 3600 3721 3844 3969 4096 4225 4356 4489 4624 4761 4900 5041 5184 5329 5476 5625 5776 5929 6084 6241 6400 6561 6724 6889 7056 7225 7396 7569 7744 7921 8100 8281 8464 8649 8836 9025 9216 9409 9604 9801 10000 10201 10404 10609 10816 11025 11236 11449 
81 100 121 144 169 196 225 256 289 324 361 400 441 484 529 576 625 676 729 784 841 900 961 1024 1089 1156 1225 1296 1369 1444 1521 1600 1681 1764 1849 1936 2025 2116 2209 2304 2401 2500 2601 2704 2809 2916 3025 3136 3249 3364 3481 3600 3721 3844 3969 4096 4225 4356 4489 4624 4761 4900 5041 5184 5329 5476 5625 5776 5929 6084 6241 6400 6561 6724 6889 7056 7225 7396 7569 7744 7921 8100 8281 8464 8649 8836 9025 9216 9409 9604 9801 10000 10201 10404 10609 10816 11025 11236 11449 11664 
100 121 144 169 196 225 256 289 324 361 400 441 484 529 576 625 676 729 784 841 900 961 1024 1089 1156 1225 1296 1369 1444 1521 1600 1681 1764 1849 1936 2025 2116 2209 2304 2401 2500 2601 2704 2809 2916 3025 3136 3249 3364 3481 3600 3721 3844 3969 4096 4225 4356 4489 4624 4761 4900 5041 5184 5329 5476 5625 5776 5929 6084 6241 6400 6561 6724 6889 7056 7225 7396 7569 7744 7921 8100 8281 8464 8649 8836 9025 9216 9409 9604 9801 10000 10201 10404 10609 10816 11025 11236 11449 11664 11881 
121 144 169 196 225 256 289 324 361 400 441 484 529 576 625 676 729 784 841 900 961 1024 1089 1156 1225 1296 1369 1444 1521 1600 1681 1764 1849 1936 2025 2116 2209 2304 2401 2500 2601 2704 2809 2916 3025 3136 3249 3364 3481 3600 3721 3844 3969 4096 4225 4356 4489 4624 4761 4900 5041 5184 5329 5476 5625 5776 5929 6084 6241 6400 6561 6724 6889 7056 7225 7396 7569 7744 7921 8100 8281 8464 8649 8836 9025 9216 9409 9604 9801 10000 10201 10404 10609 10816 11025 11236 11449 11664 11881 12100 
144 169 196 225 256 289 324 361 400 441 484 529 576 625 676 729 784 841 900 961 1024 1089 1156 1225 1296 1369 1444 1521 1600 1681 1764 1849 1936 2025 2116 2209 2304 2401 2500 2601 2704 2809 2916 3025 3136 3249 3364 3481 3600 3721 3844 3969 4096 4225 4356 4489 4624 4761 4900 5041 5184 5329 5476 5625 5776 5929 6084 6241 6400 6561 6724 6889 7056 7225 7396 7569 7744 7921 8100 8281 8464 8649 8836 9025 9216 9409 9604 9801 10000 10201 10404 10609 10816 11025 11236 11449 11664 11881 12100 12321 
169 196 225 256 289 324 361 400 441 484 529 576 625 676 729 784 841 900 961 1024 1089 1156 1225 1296 1369 1444 1521 1600 1681 1764 1849 1936 2025 2116 2209 2304 2401 2500 2601 2704 2809 2916 3025 3136 3249 3364 3481 3600 3721 3844 3969 4096 4225 4356 4489 4624 4761 4900 5041 5184 5329 5476 5625 5776 5929 6084 6241 6400 6561 6724 6889 7056 7225 7396 7569 7744 7921 8100 8281 8464 8649 8836 9025 9216 9409 9604 9801 10000 10201 10404 10609 10816 11025 11236 11449 11664 11881 12100 12321 12544 
196 225 256 289 324 361 400 441 484 529 576 625 676 729 784 841 900 961 1024 1089 1156 1225 1296 1369 1444 1521 1600 1681 1764 1849 1936 2025 2116 2209 2304 2401 2500 2601 2704 2809 2916 3025 3136 3249 3364 3481 3600 3721 3844 3969 4096 4225 4356 4489 4624 4761 4900 5041 5184 5329 5476 5625 5776 5929 6084 6241 6400 6561 6724 6889 7056 7225 7396 7569 7744 7921 8100 8281 8464 8649 8836 9025 9216 9409 9604 9801 10000 10201 10404 10609 10816 11025 11236 11449 11664 11881 12100 12321 12544 12769 
225 256 289 324 361 400 441 484 529 576 625 676 729 784 841 900 961 1024 1089 1156 1225 1296 1369 1444 1521 1600 1681 1764 1849 1936 2025 2116 2209 2304 2401 2500 2601 2704 2809 2916 3025 3136 3249 3364 3481 3600 3721 3844 3969 4096 4225 4356 4489 4624 4761 4900 5041 5184 5329 5476 5625 5776 5929 6084 6241 6400 6561 6724 6889 7056 7225 7396 7569 7744 7921 8100 8281 8464 8649 8836 9025 9216 9409 9604 9801 10000 10201 10404 10609 10816 11025 11236 11449 11664 11881 12100 12321 12544 12769 12996 
256 289 324 361 400 441 484 529 576 625 676 729 784 841 900 961 1024 1089 1156 1225 1296 1369 1444 1521 1600 1681 1764 1849 1936 2025 2116 2209 2304 2401 2500 2601 2704 2809 2916 3025 3136 3249 3364 3481 3600 3721 3844 3969 4096 4225 4356 4489 4624 4761 4900 5041 5184 5329 5476 5625 5776 5929 6084 6241 6400 6561 6724 6889 7056 7225 7396 7569 7744 7921 8100 8281 8464 8649 8836 9025 9216 9409 9604 9801 10000 10201 10404 10609 10816 11025 11236 11449 11664 11881 12100 12321 12544 12769 12996 13225 
289 324 361 400 441 484 529 576 625 676 729 784 841 900 961 1024 1089 1156 1225 1296 1369 1444 1521 1600 1681 1764 1849 1936 2025 2116 2209 2304 2401 2500 2601 2704 2809 2916 3025 3136 3249 3364 3481 3600 3721 3844 3969 4096 4225 4356 4489 4624 4761 4900 5041 5184 5329 5476 5625 5776 5929 6084 6241 6400 6561 6724 6889 7056 7225 7396 7569 7744 7921 8100 8281 8464 8649 8836 9025 9216 9409 9604 9801 10000 10201 10404 10609 10816 11025 11236 11449 11664 11881 12100 12321 12544 12769 12996 13225 13456 
324 361 400 441 484 529 576 625 676 729 784 841 900 961 1024 1089 1156 1225 1296 1369 1444 1521 1600 1681 1764 1849 1936 2025 2116 2209 2304 2401 2500 2601 2704 2809 2916 3025 3136 3249 3364 3481 3600 3721 3844 3969 4096 4225 4356 4489 4624 4761 4900 5041 5184 5329 5476 5625 5776 5929 6084 6241 6400 6561 6724 6889 7056 7225 7396 7569 7744 7921 8100 8281 8464 8649 8836 9025 9216 9409 9604 9801 10000 10201 10404 10609 10816 11025 11236 11449 11664 11881 12100 12321 12544 12769 12996 13225 13456 13689 
361 400 441 484 529 576 625 676 729 784 841 900 961 1024 1089 1156 1225 1296 1369 1444 1521 1600 1681 1764 1849 1936 2025 2116 2209 2304 2401 2500 2601 2704 2809 2916 3025 3136 3249 3364 3481 3600 3721 3844 3969 4096 4225 4356 4489 4624 4761 4900 5041 5184 5329 5476 5625 5776 5929 6084 6241 6400 6561 6724 6889 7056 7225 7396 7569 7744 7921 8100 8281 8464 8649 8836 9025 9216 9409 9604 9801 10000 10201 10404 10609 10816 11025 11236 11449 11664 11881 12100 12321 12544 12769 12996 13225 13456 13689 13924 
400 441 484 529 576 625 676 729 784 841 900 961 1024 1089 1156 1225 1296 1369 1444 1521 1600 1681 1764 1849 1936 2025 2116 2209 2304 2401 2500 2601 2704 2809 2916 3025 3136 3249 3364 3481 3600 3721 3844 3969 4096 4225 4356 4489 4624 4761 4900 5041 5184 5329 5476 5625 5776 5929 6084 6241 6400 6561 6724 6889 7056 7225 7396 7569 7744 7921 8100 8281 8464 8649 8836 9025 9216 9409 9604 9801 10000 10201 10404 10609 10816 11025 11236 11449 11664 11881 12100 12321 12544 12769 12996 13225 13456 13689 13924 14161 
441 484 529 576 625 676 729 784 841 900 961 1024 1089 1156 1225 1296 1369 1444 1521 1600 1681 1764 1849 1936 2025 2116 2209 2304 2401 2500 2601 2704 2809 2916 3025 3136 3249 3364 3481 3600 3721 3844 3969 4096 4225 4356 4489 4624 4761 4900 5041 5184 5329 5476 5625 5776 5929 6084 6241 6400 6561 6724 6889 7056 7225 7396 7569 7744 7921 8100 8281 8464 8649 8836 9025 9216 9409 9604 9801 10000 10201 10404 10609 10816 11025 11236 11449 11664 11881 12100 12321 12544 12769 12996 13225 13456 13689 13924 14161 14400 
484 529 576 625 676 729 784 841 900 961 1024 1089 1156 1225 1296 1369 1444 1521 1600 1681 1764 1849 1936 2025 2116 2209 2304 2401 2500 2601 2704 2809 2916 3025 3136 3249 3364 3481 3600 3721 3844 3969 4096 4225 4356 4489 4624 4761 4900 5041 5184 5329 5476 5625 5776 5929 6084 6241 6400 6561 6724 6889 7056 7225 7396 7569 7744 7921 8100 8281 8464 8649 8836 9025 9216 9409 9604 9801 10000 10201 10404 10609 10816 11025 11236 11449 11664 11881 12100 12321 12544 12769 12996 13225 13456 13689 13924 14161 14400 14641 
529 576 625 676 729 784 841 900 961 1024 1089 1156 1225 1296 1369 1444 1521 1600 1681 1764 1849 1936 2025 2116 2209 2304 2401 2500 2601 2704 2809 2916 3025 3136 3249 3364 3481 3600 3721 3844 3969 4096 4225 4356 4489 4624 4761 4900 5041 5184 5329 5476 5625 5776 5929 6084 6241 6400 6561 6724 6889 7056 7225 7396 7569 7744 7921 8100 8281 8464 8649 8836 9025 9216 9409 9604 9801 10000 10201 10404 10609 10816 11025 11236 11449 11664 11881 12100 12321 12544 12769 12996 13225 13456 13689 13924 14161 14400 14641 14884 
576 625 676 729 784 841 900 961 1024 1089 1156 1225 1296 1369 1444 1521 1600 1681 1764 1849 1936 2025 2116 2209 2304 2401 2500 2601 2704 2809 2916 3025 3136 3249 3364 3481 3600 3721 3844 3969 4096 4225 4356 4489 4624 4761 4900 5041 5184 5329 5476 5625 5776 5929 6084 6241 6400 6561 6724 6889 7056 7225 7396 7569 7744 7921 8100 8281 8464 8649 8836 9025 9216 9409 9604 9801 10000 10201 10404 10609 10816 11025 11236 11449 11664 11881 12100 12321 12544 12769 12996 13225 13456 13689 13924 14161 14400 14641 14884 15129 
625 676 729 784 841 900 961 1024 1089 1156 1225 1296 1369 1444 1521 1600 1681 1764 1849 1936 2025 2116 2209 2304 2401 2500 2601 2704 2809 2916 3025 3136 3249 3364 3481 3600 3721 3844 3969 4096 4225 4356 4489 4624 4761 4900 5041 5184 5329 5476 5625 5776 5929 6084 6241 6400 6561 6724 6889 7056 7225 7396 7569 7744 7921 8100 8281 8464 8649 8836 9025 9216 9409 9604 9801 10000 10201 10404 10609 10816 11025 11236 11449 11664 11881 12100 12321 12544 12769 12996 13225 13456 13689 13924 14161 14400 14641 14884 15129 15376 
676 729 784 841 900 961 1024 1089 1156 1225 1296 1369 1444 1521 1600 1681 1764 1849 1936 2025 2116 2209 2304 2401 2500 2601 2704 2809 2916 3025 3136 3249 3364 3481 3600 3721 3844 3969 4096 4225 4356 4489 4624 4761 4900 5041 5184 5329 5476 5625 5776 5929 6084 6241 6400 6561 6724 6889 7056 7225 7396 7569 7744 7921 8100 8281 8464 8649 8836 9025 9216 9409 9604 9801 10000 10201 10404 10609 10816 11025 11236 11449 11664 11881 12100 12321 12544 12769 12996 13225 13456 13689 13924 14161 14400 14641 14884 15129 15376 15625 
729 784 841 900 961 1024 1089 1156 1225 1296 1369 1444 1521 1600 1681 1764 1849 1936 2025 2116 2209 2304 2401 2500 2601 2704 2809 2916 3025 3136 3249 3364 3481 3600 3721 3844 3969 4096 4225 4356 4489 4624 4761 4900 5041 5184 5329 5476 5625 5776 5929 6084 6241 6400 6561 6724 6889 7056 7225 7396 7569 7744 7921 8100 8281 8464 8649 8836 9025 9216 9409 9604 9801 10000 10201 10404 10609 10816 11025 11236 11449 11664 11881 12100 12321 12544 12769 12996 13225 13456 13689 13924 14161 14400 14641 14884 15129 15376 15625 15876 
784 841 900 961 1024 1089 1156 1225 1296 1369 1444 1521 1600 1681 1764 1849 1936 2025 2116 2209 2304 2401 2500 2601 2704 2809 2916 3025 3136 3249 3364 3481 3600 3721 3844 3969 4096 4225 4356 4489 4624 4761 4900 5041 5184 5329 5476 5625 5776 5929 6084 6241 6400 6561 6724 6889 7056 7225 7396 7569 7744 7921 8100 8281 8464 8649 8836 9025 9216 9409 9604 9801 10000 10201 10404 10609 10816 11025 11236 11449 11664 11881 12100 12321 12544 12769 12996 13225 13456 13689 13924 14161 14400 14641 14884 15129 15376 15625 15876 16129 
841 900 961 1024 1089 1156 1225 1296 1369 1444 1521 1600 1681 1764 1849 1936 2025 2116 2209 2304 2401 2500 2601 2704 2809 2916 3025 3136 3249 3364 3481 3600 3721 3844 3969 4096 4225 4356 4489 4624 4761 4900 5041 5184 5329 5476 5625 5776 5929 6084 6241 6400 6561 6724 6889 7056 7225 7396 7569 7744 7921 8100 8281 8464 8649 8836 9025 9216 9409 9604 9801 10000 10201 10404 10609 10816 11025 11236 11449 11664 11881 12100 12321 12544 12769 12996 13225 13456 13689 13924 14161 14400 14641 14884 15129 15376 15625 15876 16129 16384 
900 961 1024 1089 1156 1225 1296 1369 1444 1521 1600 1681 1764 1849 1936 2025 2116 2209 2304 2401 2500 2601 2704 2809 2916 3025 3136 3249 3364 3481 3600 3721 3844 3969 4096 4225 4356 4489 4624 4761 4900 5041 5184 5329 5476 5625 5776 5929 6084 6241 6400 6561 6724 6889 7056 7225 7396 7569 7744 7921 8100 8281 8464 8649 8836 9025 9216 9409 9604 9801 10000 10201 10404 10609 10816 11025 11236 11449 11664 11881 12100 12321 12544 12769 12996 13225 13456 13689 13924 14161 14400 14641 14884 15129 15376 15625 15876 16129 16384 16641 
961 1024 1089 1156 1225 1296 1369 1444 1521 1600 1681 1764 1849 1936 2025 2116 2209 2304 2401 2500 2601 2704 2809 2916 3025 3136 3249 3364 3481 3600 3721 3844 3969 4096 4225 4356 4489 4624 4761 4900 5041 5184 5329 5476 5625 5776 5929 6084 6241 6400 6561 6724 6889 7056 7225 7396 7569 7744 7921 8100 8281 8464 8649 8836 9025 9216 9409 9604 9801 10000 10201 10404 10609 10816 11025 11236 11449 11664 11881 12100 12321 12544 12769 12996 13225 13456 13689 13924 14161 14400 14641 14884 15129 15376 15625 15876 16129 16384 16641 16900 
1024 1089 1156 1225 1296 1369 1444 1521 1600 1681 1764 1849 1936 2025 2116 2209 2304 2401 2500 2601 2704 2809 2916 3025 3136 3249 3364 3481 3600 3721 3844 3969 4096 4225 4356 4489 4624 4761 4900 5041 5184 5329 5476 5625 5776 5929 6084 6241 6400 6561 6724 6889 7056 7225 7396 7569 7744 7921 8100 8281 8464 8649 8836 9025 9216 9409 9604 9801 10000 10201 10404 10609 10816 11025 11236 11449 11664 11881 12100 12321 12544 12769 12996 13225 13456 13689 13924 14161 14400 14641 14884 15129 15376 15625 15876 16129 16384 16641 16900 17161 
1089 1156 1225 1296 1369 1444 1521 1600 1681 1764 1849 1936 2025 2116 2209 2304 2401 2500 2601 2704 2809 2916 3025 3136 3249 3364 3481 3600 3721 3844 3969 4096 4225 4356 4489 4624 4761 4900 5041 5184 5329 5476 5625 5776 5929 6084 6241 6400 6561 6724 6889 7056 7225 7396 7569 7744 7921 8100 8281 8464 8649 8836 9025 9216 9409 9604 9801 10000 10201 10404 10609 10816 11025 11236 11449 11664 11881 12100 12321 12544 12769 12996 13225 13456 13689 13924 14161 14400 14641 14884 15129 15376 15625 15876 16129 16384 16641 16900 17161 17424 
1156 1225 1296 1369 1444 1521 1600 1681 1764 1849 1936 2025 2116 2209 2304 2401 2500 2601 2704 2809 2916 3025 3136 3249 3364 3481 3600 3721 3844 3969 4096 4225 4356 4489 4624 4761 4900 5041 5184 5329 5476 5625 5776 5929 6084 6241 6400 6561 6724 6889 7056 7225 7396 7569 7744 7921 8100 8281 8464 8649 8836 9025 9216 9409 9604 9801 10000 10201 10404 10609 10816 11025 11236 11449 11664 11881 12100 12321 12544 12769 12996 13225 13456 13689 13924 14161 14400 14641 14884 15129 15376 15625 15876 16129 16384 16641 16900 17161 17424 17689 
1225 1296 1369 1444 1521 1600 1681 1764 1849 1936 2025 2116 2209 2304 2401 2500 2601 2704 2809 2916 3025 3136 3249 3364 3481 3600 3721 3844 3969 4096 4225 4356 4489 4624 4761 4900 5041 5184 5329 5476 5625 5776 5929 6084 6241 6400 6561 6724 6889 7056 7225 7396 7569 7744 7921 8100 8281 8464 8649 8836 9025 9216 9409 9604 9801 10000 10201 10404 10609 10816 11025 11236 11449 11664 11881 12100 12321 12544 12769 12996 13225 13456 13689 13924 14161 14400 14641 14884 15129 15376 15625 15876 16129 16384 16641 16900 17161 17424 17689 17956 
1296 1369 1444 1521 1600 1681 1764 1849 1936 2025 2116 2209 2304 2401 2500 2601 2704 2809 2916 3025 3136 3249 3364 3481 3600 3721 3844 3969 4096 4225 4356 4489 4624 4761 4900 5041 5184 5329 5476 5625 5776 5929 6084 6241 6400 6561 6724 6889 7056 7225 7396 7569 7744 7921 8100 8281 8464 8649 8836 9025 9216 9409 9604 9801 10000 10201 10404 10609 10816 11025 11236 11449 11664 11881 12100 12321 12544 12769 12996 13225 13456 13689 13924 14161 14400 14641 14884 15129 15376 15625 15876 16129 16384 16641 16900 17161 17424 17689 17956 18225 
1369 1444 1521 1600 1681 1764 1849 1936 2025 2116 2209 2304 2401 2500 2601 2704 2809 2916 3025 3136 3249 3364 3481 3600 3721 3844 3969 4096 4225 4356 4489 4624 4761 4900 5041 5184 5329 5476 5625 5776 5929 6084 6241 6400 6561 6724 6889 7056 7225 7396 7569 7744 7921 8100 8281 8464 8649 8836 9025 9216 9409 9604 9801 10000 10201 10404 10609 10816 11025 11236 11449 11664 11881 12100 12321 12544 12769 12996 13225 13456 13689 13924 14161 14400 14641 14884 15129 15376 15625 15876 16129 16384 16641 16900 17161 17424 17689 17956 18225 18496 
1444 1521 1600 1681 1764 1849 1936 2025 2116 2209 2304 2401 2500 2601 2704 2809 2916 3025 3136 3249 3364 3481 3600 3721 3844 3969 4096 4225 4356 4489 4624 4761 4900 5041 5184 5329 5476 5625 5776 5929 6084 6241 6400 6561 6724 6889 7056 7225 7396 7569 7744 7921 8100 8281 8464 8649 8836 9025 9216 9409 9604 9801 10000 10201 10404 10609 10816 11025 11236 11449 11664 11881 12100 12321 12544 12769 12996 13225 13456 13689 13924 14161 14400 14641 14884 15129 15376 15625 15876 16129 16384 16641 16900 17161 17424 17689 17956 18225 18496 18769 
1521 1600 1681 1764 1849 1936 2025 2116 2209 2304 2401 2500 2601 2704 2809 2916 3025 3136 3249 3364 3481 3600 3721 3844 3969 4096 4225 4356 4489 4624 4761 4900 5041 5184 5329 5476 5625 5776 5929 6084 6241 6400 6561 6724 6889 7056 7225 7396 7569 7744 7921 8100 8281 8464 8649 8836 9025 9216 9409 9604 9801 10000 10201 10404 10609 10816 11025 11236 11449 11664 11881 12100 12321 12544 12769 12996 13225 13456 13689 13924 14161 14400 14641 14884 15129 15376 15625 15876 16129 16384 16641 16900 17161 17424 17689 17956 18225 18496 18769 19044 
1600 1681 1764 1849 1936 2025 2116 2209 2304 2401 2500 2601 2704 2809 2916 3025 3136 3249 3364 3481 3600 3721 3844 3969 4096 4225 4356 4489 4624 4761 4900 5041 5184 5329 5476 5625 5776 5929 6084 6241 6400 6561 6724 6889 7056 7225 7396 7569 7744 7921 8100 8281 8464 8649 8836 9025 9216 9409 9604 9801 10000 10201 10404 10609 10816 11025 11236 11449 11664 11881 12100 12321 12544 12769 12996 13225 13456 13689 13924 14161 14400 14641 14884 15129 15376 15625 15876 16129 16384 16641 16900 17161 17424 17689 17956 18225 18496 18769 19044 19321 
1681 1764 1849 1936 2025 2116 2209 2304 2401 2500 2601 2704 2809 2916 3025 3136 3249 3364 3481 3600 3721 3844 3969 4096 4225 4356 4489 4624 4761 4900 5041 5184 5329 5476 5625 5776 5929 6084 6241 6400 6561 6724 6889 7056 7225 7396 7569 7744 7921 8100 8281 8464 8649 8836 9025 9216 9409 9604 9801 10000 10201 10404 10609 10816 11025 11236 11449 11664 11881 12100 12321 12544 12769 12996 13225 13456 13689 13924 14161 14400 14641 14884 15129 15376 15625 15876 16129 16384 16641 16900 17161 17424 17689 17956 18225 18496 18769 19044 19321 19600 
1764 1849 1936 2025 2116 2209 2304 2401 2500 2601 2704 2809 2916 3025 3136 3249 3364 3481 3600 3721 3844 3969 4096 4225 4356 4489 4624 4761 4900 5041 5184 5329 5476 5625 5776 5929 6084 6241 6400 6561 6724 6889 7056 7225 7396 7569 7744 7921 8100 8281 8464 8649 8836 9025 9216 9409 9604 9801 10000 10201 10404 10609 10816 11025 11236 11449 11664 11881 12100 12321 12544 12769 12996 13225 13456 13689 13924 14161 14400 14641 14884 15129 15376 15625 15876 16129 16384 16641 16900 17161 17424 17689 17956 18225 18496 18769 19044 19321 19600 19881 
1849 1936 2025 2116 2209 2304 2401 2500 2601 2704 2809 2916 3025 3136 3249 3364 3481 3600 3721 3844 3969 4096 4225 4356 4489 4624 4761 4900 5041 5184 5329 5476 5625 5776 5929 6084 6241 6400 6561 6724 6889 7056 7225 7396 7569 7744 7921 8100 8281 8464 8649 8836 9025 9216 9409 9604 9801 10000 10201 10404 10609 10816 11025 11236 11449 11664 11881 12100 12321 12544 12769 12996 13225 13456 13689 13924 14161 14400 14641 14884 15129 15376 15625 15876 16129 16384 16641 16900 17161 17424 17689 17956 18225 18496 18769 19044 19321 19600 19881 20164 
1936 2025 2116 2209 2304 2401 2500 2601 2704 2809 2916 3025 3136 3249 3364 3481 3600 3721 3844 3969 4096 4225 4356 4489 4624 4761 4900 5041 5184 5329 5476 5625 5776 5929 6084 6241 6400 6561 6724 6889 7056 7225 7396 7569 7744 7921 8100 8281 8464 8649 8836 9025 9216 9409 9604 9801 10000 10201 10404 10609 10816 11025 11236 11449 11664 11881 12100 12321 12544 12769 12996 13225 13456 13689 13924 14161 14400 14641 14884 15129 15376 15625 15876 16129 16384 16641 16900 17161 17424 17689 17956 18225 18496 18769 19044 19321 19600 19881 20164 20449 
2025 2116 2209 2304 2401 2500 2601 2704 2809 2916 3025 3136 3249 3364 3481 3600 3721 3844 3969 4096 4225 4356 4489 4624 4761 4900 5041 5184 5329 5476 5625 5776 5929 6084 6241 6400 6561 6724 6889 7056 7225 7396 7569 7744 7921 8100 8281 8464 8649 8836 9025 9216 9409 9604 9801 10000 10201 10404 10609 10816 11025 11236 11449 11664 11881 12100 12321 12544 12769 12996 13225 13456 13689 13924 14161 14400 14641 14884 15129 15376 15625 15876 16129 16384 16641 16900 17161 17424 17689 17956 18225 18496 18769 19044 19321 19600 19881 20164 20449 20736 
2116 2209 2304 2401 2500 2601 2704 2809 2916 3025 3136 3249 3364 3481 3600 3721 3844 3969 4096 4225 4356 4489 4624 4761 4900 5041 5184 5329 5476 5625 5776 5929 6084 6241 6400 6561 6724 6889 7056 7225 7396 7569 7744 7921 8100 8281 8464 8649 8836 9025 9216 9409 9604 9801 10000 10201 10404 10609 10816 11025 11236 11449 11664 11881 12100 12321 12544 12769 12996 13225 13456 13689 13924 14161 14400 14641 14884 15129 15376 15625 15876 16129 16384 16641 16900 17161 17424 17689 17956 18225 18496 18769 19044 19321 19600 19881 20164 20449 20736 21025 
2209 2304 2401 2500 2601 2704 2809 2916 3025 3136 3249 3364 3481 3600 3721 3844 3969 4096 4225 4356 4489 4624 4761 4900 5041 5184 5329 5476 5625 5776 5929 6084 6241 6400 6561 6724 6889 7056 7225 7396 7569 7744 7921 8100 8281 8464 8649 8836 9025 9216 9409 9604 9801 10000 10201 10404 10609 10816 11025 11236 11449 11664 11881 12100 12321 12544 12769 12996 13225 13456 13689 13924 14161 14400 14641 14884 15129 15376 15625 15876 16129 16384 16641 16900 17161 17424 17689 17956 18225 18496 18769 19044 19321 19600 19881 20164 20449 20736 21025 21316 
2304 2401 2500 2601 2704 2809 2916 3025 3136 3249 3364 3481 3600 3721 3844 3969 4096 4225 4356 4489 4624 4761 4900 5041 5184 5329 5476 5625 5776 5929 6084 6241 6400 6561 6724 6889 7056 7225 7396 7569 7744 7921 8100 8281 8464 8649 8836 9025 9216 9409 9604 9801 10000 10201 10404 10609 10816 11025 11236 11449 11664 11881 12100 12321 12544 12769 12996 13225 13456 13689 13924 14161 14400 14641 14884 15129 15376 15625 15876 16129 16384 16641 16900 17161 17424 17689 17956 18225 18496 18769 19044 19321 19600 19881 20164 20449 20736 21025 21316 21609 
2401 2500 2601 2704 2809 2916 3025 3136 3249 3364 3481 3600 3721 3844 3969 4096 4225 4356 4489 4624 4761 4900 5041 5184 5329 5476 5625 5776 5929 6084 6241 6400 6561 6724 6889 7056 7225 7396 7569 7744 7921 8100 8281 8464 8649 8836 9025 9216 9409 9604 9801 10000 10201 10404 10609 10816 11025 11236 11449 11664 11881 12100 12321 12544 12769 12996 13225 13456 13689 13924 14161 14400 14641 14884 15129 15376 15625 15876 16129 16384 16641 16900 17161 17424 17689 17956 18225 18496 18769 19044 19321 19600 19881 20164 20449 20736 21025 21316 21609 21904 
2500 2601 2704 2809 2916 3025 3136 3249 3364 3481 3600 3721 3844 3969 4096 4225 4356 4489 4624 4761 4900 5041 5184 5329 5476 5625 5776 5929 6084 6241 6400 6561 6724 6889 7056 7225 7396 7569 7744 7921 8100 8281 8464 8649 8836 9025 9216 9409 9604 9801 10000 10201 10404 10609 10816 11025 11236 11449 11664 11881 12100 12321 12544 12769 12996 13225 13456 13689 13924 14161 14400 14641 14884 15129 15376 15625 15876 16129 16384 16641 16900 17161 17424 17689 17956 18225 18496 18769 19044 19321 19600 19881 20164 20449 20736 21025 21316 21609 21904 22201 
2601 2704 2809 2916 3025 3136 3249 3364 3481 3600 3721 3844 3969 4096 4225 4356 4489 4624 4761 4900 5041 5184 5329 5476 5625 5776 5929 6084 6241 6400 6561 6724 6889 7056 7225 7396 7569 7744 7921 8100 8281 8464 8649 8836 9025 9216 9409 9604 9801 10000 10201 10404 10609 10816 11025 11236 11449 11664 11881 12100 12321 12544 12769 12996 13225 13456 13689 13924 14161 14400 14641 14884 15129 15376 15625 15876 16129 16384 16641 16900 17161 17424 17689 17956 18225 18496 18769 19044 19321 19600 19881 20164 20449 20736 21025 21316 21609 21904 22201 22500 
2704 2809 2916 3025 3136 3249 3364 3481 3600 3721 3844 3969 4096 4225 4356 4489 4624 4761 4900 5041 5184 5329 5476 5625 5776 5929 6084 6241 6400 6561 6724 6889 7056 7225 7396 7569 7744 7921 8100 8281 8464 8649 8836 9025 9216 9409 9604 9801 10000 10201 10404 10609 10816 11025 11236 11449 11664 11881 12100 12321 12544 12769 12996 13225 13456 13689 13924 14161 14400 14641 14884 15129 15376 15625 15876 16129 16384 16641 16900 17161 17424 17689 17956 18225 18496 18769 19044 19321 19600 19881 20164 20449 20736 21025 21316 21609 21904 22201 22500 22801 
2809 2916 3025 3136 3249 3364 3481 3600 3721 3844 3969 4096 4225 4356 4489 4624 4761 4900 5041 5184 5329 5476 5625 5776 5929 6084 6241 6400 6561 6724 6889 7056 7225 7396 7569 7744 7921 8100 8281 8464 8649 8836 9025 9216 9409 9604 9801 10000 10201 10404 10609 10816 11025 11236 11449 11664 11881 12100 12321 12544 12769 12996 13225 13456 13689 13924 14161 14400 14641 14884 15129 15376 15625 15876 16129 16384 16641 16900 17161 17424 17689 17956 18225 18496 18769 19044 19321 19600 19881 20164 20449 20736 21025 21316 21609 21904 22201 22500 22801 23104 
2916 3025 3136 3249 3364 3481 3600 3721 3844 3969 4096 4225 4356 4489 4624 4761 4900 5041 5184 5329 5476 5625 5776 5929 6084 6241 6400 6561 6724 6889 7056 7225 7396 7569 7744 7921 8100 8281 8464 8649 8836 9025 9216 9409 9604 9801 10000 10201 10404 10609 10816 11025 11236 11449 11664 11881 12100 12321 12544 12769 12996 13225 13456 13689 13924 14161 14400 14641 14884 15129 15376 15625 15876 16129 16384 16641 16900 17161 17424 17689 17956 18225 18496 18769 19044 19321 19600 19881 20164 20449 20736 21025 21316 21609 21904 22201 22500 22801 23104 23409 
3025 3136 3249 3364 3481 3600 3721 3844 3969 4096 4225 4356 4489 4624 4761 4900 5041 5184 5329 5476 5625 5776 5929 6084 6241 6400 6561 6724 6889 7056 7225 7396 7569 7744 7921 8100 8281 8464 8649 8836 9025 9216 9409 9604 9801 10000 10201 10404 10609 10816 11025 11236 11449 11664 11881 12100 12321 12544 12769 12996 13225 13456 13689 13924 14161 14400 14641 14884 15129 15376 15625 15876 16129 16384 16641 16900 17161 17424 17689 17956 18225 18496 18769 19044 19321 19600 19881 20164 20449 20736 21025 21316 21609 21904 22201 22500 22801 23104 23409 23716 
3136 3249 3364 3481 3600 3721 3844 3969 4096 4225 4356 4489 4624 4761 4900 5041 5184 5329 5476 5625 5776 5929 6084 6241 6400 6561 6724 6889 7056 7225 7396 7569 7744 7921 8100 8281 8464 8649 8836 9025 9216 9409 9604 9801 10000 10201 10404 10609 10816 11025 11236 11449 11664 11881 12100 12321 12544 12769 12996 13225 13456 13689 13924 14161 14400 14641 14884 15129 15376 15625 15876 16129 16384 16641 16900 17161 17424 17689 17956 18225 18496 18769 19044 19321 19600 19881 20164 20449 20736 21025 21316 21609 21904 22201 22500 22801 23104 23409 23716 24025 
3249 3364 3481 3600 3721 3844 3969 4096 4225 4356 4489 4624 4761 4900 5041 5184 5329 5476 5625 5776 5929 6084 6241 6400 6561 6724 6889 7056 7225 7396 7569 7744 7921 8100 8281 8464 8649 8836 9025 9216 9409 9604 9801 10000 10201 10404 10609 10816 11025 11236 11449 11664 11881 12100 12321 12544 12769 12996 13225 13456 13689 13924 14161 14400 14641 14884 15129 15376 15625 15876 16129 16384 16641 16900 17161 17424 17689 17956 18225 18496 18769 19044 19321 19600 19881 20164 20449 20736 21025 21316 21609 21904 22201 22500 22801 23104 23409 23716 24025 24336 
3364 3481 3600 3721 3844 3969 4096 4225 4356 4489 4624 4761 4900 5041 5184 5329 5476 5625 5776 5929 6084 6241 6400 6561 6724 6889 7056 7225 7396 7569 7744 7921 8100 8281 8464 8649 8836 9025 9216 9409 9604 9801 10000 10201 10404 10609 10816 11025 11236 11449 11664 11881 12100 12321 12544 12769 12996 13225 13456 13689 13924 14161 14400 14641 14884 15129 15376 15625 15876 16129 16384 16641 16900 17161 17424 17689 17956 18225 18496 18769 19044 19321 19600 19881 20164 20449 20736 21025 21316 21609 21904 22201 22500 22801 23104 23409 23716 24025 24336 24649 
3481 3600 3721 3844 3969 4096 4225 4356 4489 4624 4761 4900 5041 5184 5329 5476 5625 5776 5929 6084 6241 6400 6561 6724 6889 7056 7225 7396 7569 7744 7921 8100 8281 8464 8649 8836 9025 9216 9409 9604 9801 10000 10201 10404 10609 10816 11025 11236 11449 11664 11881 12100 12321 12544 12769 12996 13225 13456 13689 13924 14161 14400 14641 14884 15129 15376 15625 15876 16129 16384 16641 16900 17161 17424 17689 17956 18225 18496 18769 19044 19321 19600 19881 20164 20449 20736 21025 21316 21609 21904 22201 22500 22801 23104 23409 23716 24025 24336 24649 24964 
3600 3721 3844 3969 4096 4225 4356 4489 4624 4761 4900 5041 5184 5329 5476 5625 5776 5929 6084 6241 6400 6561 6724 6889 7056 7225 7396 7569 7744 7921 8100 8281 8464 8649 8836 9025 9216 9409 9604 9801 10000 10201 10404 10609 10816 11025 11236 11449 11664 11881 12100 12321 12544 12769 12996 13225 13456 13689 13924 14161 14400 14641 14884 15129 15376 15625 15876 16129 16384 16641 16900 17161 17424 17689 17956 18225 18496 18769 19044 19321 19600 19881 20164 20449 20736 21025 21316 21609 21904 22201 22500 22801 23104 23409 23716 24025 24336 24649 24964 25281 
3721 3844 3969 4096 4225 4356 4489 4624 4761 4900 5041 5184 5329 5476 5625 5776 5929 6084 6241 6400 6561 6724 6889 7056 7225 7396 7569 7744 7921 8100 8281 8464 8649 8836 9025 9216 9409 9604 9801 10000 10201 10404 10609 10816 11025 11236 11449 11664 11881 12100 12321 12544 12769 12996 13225 13456 13689 13924 14161 14400 14641 14884 15129 15376 15625 15876 16129 16384 16641 16900 17161 17424 17689 17956 18225 18496 18769 19044 19321 19600 19881 20164 20449 20736 21025 21316 21609 21904 22201 22500 22801 23104 23409 23716 24025 24336 24649 24964 25281 25600 
3844 3969 4096 4225 4356 4489 4624 4761 4900 5041 5184 5329 5476 5625 5776 5929 6084 6241 6400 6561 6724 6889 7056 7225 7396 7569 7744 7921 8100 8281 8464 8649 8836 9025 9216 9409 9604 9801 10000 10201 10404 10609 10816 11025 11236 11449 11664 11881 12100 12321 12544 12769 12996 13225 13456 13689 13924 14161 14400 14641 14884 15129 15376 15625 15876 16129 16384 16641 16900 17161 17424 17689 17956 18225 18496 18769 19044 19321 19600 19881 20164 20449 20736 21025 21316 21609 21904 22201 22500 22801 23104 23409 23716 24025 24336 24649 24964 25281 25600 25921 
3969 4096 4225 4356 4489 4624 4761 4900 5041 5184 5329 5476 5625 5776 5929 6084 6241 6400 6561 6724 6889 7056 7225 7396 7569 7744 7921 8100 8281 8464 8649 8836 9025 9216 9409 9604 9801 10000 10201 10404 10609 10816 11025 11236 11449 11664 11881 12100 12321 12544 12769 12996 13225 13456 13689 13924 14161 14400 14641 14884 15129 15376 15625 15876 16129 16384 16641 16900 17161 17424 17689 17956 18225 18496 18769 19044 19321 19600 19881 20164 20449 20736 21025 21316 21609 21904 22201 22500 22801 23104 23409 23716 24025 24336 24649 24964 25281 25600 25921 26244 
4096 4225 4356 4489 4624 4761 4900 5041 5184 5329 5476 5625 5776 5929 6084 6241 6400 6561 6724 6889 7056 7225 7396 7569 7744 7921 8100 8281 8464 8649 8836 9025 9216 9409 9604 9801 10000 10201 10404 10609 10816 11025 11236 11449 11664 11881 12100 12321 12544 12769 12996 13225 13456 13689 13924 14161 14400 14641 14884 15129 15376 15625 15876 16129 16384 16641 16900 17161 17424 17689 17956 18225 18496 18769 19044 19321 19600 19881 20164 20449 20736 21025 21316 21609 21904 22201 22500 22801 23104 23409 23716 24025 24336 24649 24964 25281 25600 25921 26244 26569 
4225 4356 4489 4624 4761 4900 5041 5184 5329 5476 5625 5776 5929 6084 6241 6400 6561 6724 6889 7056 7225 7396 7569 7744 7921 8100 8281 8464 8649 8836 9025 9216 9409 9604 9801 10000 10201 10404 10609 10816 11025 11236 11449 11664 11881 12100 12321 12544 12769 12996 13225 13456 13689 13924 14161 14400 14641 14884 15129 15376 15625 15876 16129 16384 16641 16900 17161 17424 17689 17956 18225 18496 18769 19044 19321 19600 19881 20164 20449 20736 21025 21316 21609 21904 22201 22500 22801 23104 23409 23716 24025 24336 24649 24964 25281 25600 25921 26244 26569 26896 
4356 4489 4624 4761 4900 5041 5184 5329 5476 5625 5776 5929 6084 6241 6400 6561 6724 6889 7056 7225 7396 7569 7744 7921 8100 8281 8464 8649 8836 9025 9216 9409 9604 9801 10000 10201 10404 10609 10816 11025 11236 11449 11664 11881 12100 12321 12544 12769 12996 13225 13456 13689 13924 14161 14400 14641 14884 15129 15376 15625 15876 16129 16384 16641 16900 17161 17424 17689 17956 18225 18496 18769 19044 19321 19600 19881 20164 20449 20736 21025 21316 21609 21904 22201 22500 22801 23104 23409 23716 24025 24336 24649 24964 25281 25600 25921 26244 26569 26896 27225 
4489 4624 4761 4900 5041 5184 5329 5476 5625 5776 5929 6084 6241 6400 6561 6724 6889 7056 7225 7396 7569 7744 7921 8100 8281 8464 8649 8836 9025 9216 9409 9604 9801 10000 10201 10404 10609 10816 11025 11236 11449 11664 11881 12100 12321 12544 12769 12996 13225 13456 13689 13924 14161 14400 14641 14884 15129 15376 15625 15876 16129 16384 16641 16900 17161 17424 17689 17956 18225 18496 18769 19044 19321 19600 19881 20164 20449 20736 21025 21316 21609 21904 22201 22500 22801 23104 23409 23716 24025 24336 24649 24964 25281 25600 25921 26244 26569 26896 27225 27556 
4624 4761 4900 5041 5184 5329 5476 5625 5776 5929 6084 6241 6400 6561 6724 6889 7056 7225 7396 7569 7744 7921 8100 8281 8464 8649 8836 9025 9216 9409 9604 9801 10000 10201 10404 10609 10816 11025 11236 11449 11664 11881 12100 12321 12544 12769 12996 13225 13456 13689 13924 14161 14400 14641 14884 15129 15376 15625 15876 16129 16384 16641 16900 17161 17424 17689 17956 18225 18496 18769 19044 19321 19600 19881 20164 20449 20736 21025 21316 21609 21904 22201 22500 22801 23104 23409 23716 24025 24336 24649 24964 25281 25600 25921 26244 26569 26896 27225 27556 27889 
4761 4900 5041 5184 5329 5476 5625 5776 5929 6084 6241 6400 6561 6724 6889 7056 7225 7396 7569 7744 7921 8100 8281 8464 8649 8836 9025 9216 9409 9604 9801 10000 10201 10404 10609 10816 11025 11236 11449 11664 11881 12100 12321 12544 12769 12996 13225 13456 13689 13924 14161 14400 14641 14884 15129 15376 15625 15876 16129 16384 16641 16900 17161 17424 17689 17956 18225 18496 18769 19044 19321 19600 19881 20164 20449 20736 21025 21316 21609 21904 22201 22500 22801 23104 23409 23716 24025 24336 24649 24964 25281 25600 25921 26244 26569 26896 27225 27556 27889 28224 
4900 5041 5184 5329 5476 5625 5776 5929 6084 6241 6400 6561 6724 6889 7056 7225 7396 7569 7744 7921 8100 8281 8464 8649 8836 9025 9216 9409 9604 9801 10000 10201 10404 10609 10816 11025 11236 11449 11664 11881 12100 12321 12544 12769 12996 13225 13456 13689 13924 14161 14400 14641 14884 15129 15376 15625 15876 16129 16384 16641 16900 17161 17424 17689 17956 18225 18496 18769 19044 19321 19600 19881 20164 20449 20736 21025 21316 21609 21904 22201 22500 22801 23104 23409 23716 24025 24336 24649 24964 25281 25600 25921 26244 26569 26896 27225 27556 27889 28224 28561 
5041 5184 5329 5476 5625 5776 5929 6084 6241 6400 6561 6724 6889 7056 7225 7396 7569 7744 7921 8100 8281 8464 8649 8836 9025 9216 9409 9604 9801 10000 10201 10404 10609 10816 11025 11236 11449 11664 11881 12100 12321 12544 12769 12996 13225 13456 13689 13924 14161 14400 14641 14884 15129 15376 15625 15876 16129 16384 16641 16900 17161 17424 17689 17956 18225 18496 18769 19044 19321 19600 19881 20164 20449 20736 21025 21316 21609 21904 22201 22500 22801 23104 23409 23716 24025 24336 24649 24964 25281 25600 25921 26244 26569 26896 27225 27556 27889 28224 28561 28900 
5184 5329 5476 5625 5776 5929 6084 6241 6400 6561 6724 6889 7056 7225 7396 7569 7744 7921 8100 8281 8464 8649 8836 9025 9216 9409 9604 9801 10000 10201 10404 10609 10816 11025 11236 11449 11664 11881 12100 12321 12544 12769 12996 13225 13456 13689 13924 14161 14400 14641 14884 15129 15376 15625 15876 16129 16384 16641 16900 17161 17424 17689 17956 18225 18496 18769 19044 19321 19600 19881 20164 20449 20736 21025 21316 21609 21904 22201 22500 22801 23104 23409 23716 24025 24336 24649 24964 25281 25600 25921 26244 26569 26896 27225 27556 27889 28224 28561 28900 29241 
5329 5476 5625 5776 5929 6084 6241 6400 6561 6724 6889 7056 7225 7396 7569 7744 7921 8100 8281 8464 8649 8836 9025 9216 9409 9604 9801 10000 10201 10404 10609 10816 11025 11236 11449 11664 11881 12100 12321 12544 12769 12996 13225 13456 13689 13924 14161 14400 14641 14884 15129 15376 15625 15876 16129 16384 16641 16900 17161 17424 17689 17956 18225 18496 18769 19044 19321 19600 19881 20164 20449 20736 21025 21316 21609 21904 22201 22500 22801 23104 23409 23716 24025 24336 24649 24964 25281 25600 25921 26244 26569 26896 27225 27556 27889 28224 28561 28900 29241 29584 
5476 5625 5776 5929 6084 6241 6400 6561 6724 6889 7056 7225 7396 7569 7744 7921 8100 8281 8464 8649 8836 9025 9216 9409 9604 9801 10000 10201 10404 10609 10816 11025 11236 11449 11664 11881 12100 12321 12544 12769 12996 13225 13456 13689 13924 14161 14400 14641 14884 15129 15376 15625 15876 16129 16384 16641 16900 17161 17424 17689 17956 18225 18496 18769 19044 19321 19600 19881 20164 20449 20736 21025 21316 21609 21904 22201 22500 22801 23104 23409 23716 24025 24336 24649 24964 25281 25600 25921 26244 26569 26896 27225 27556 27889 28224 28561 28900 29241 29584 29929 
5625 5776 5929 6084 6241 6400 6561 6724 6889 7056 7225 7396 7569 7744 7921 8100 8281 8464 8649 8836 9025 9216 9409 9604 9801 10000 10201 10404 10609 10816 11025 11236 11449 11664 11881 12100 12321 12544 12769 12996 13225 13456 13689 13924 14161 14400 14641 14884 15129 15376 15625 15876 16129 16384 16641 16900 17161 17424 17689 17956 18225 18496 18769 19044 19321 19600 19881 20164 20449 20736 21025 21316 21609 21904 22201 22500 22801 23104 23409 23716 24025 24336 24649 24964 25281 25600 25921 26244 26569 26896 27225 27556 27889 28224 28561 28900 29241 29584 29929 30276 
5776 5929 6084 6241 6400 6561 6724 6889 7056 7225 7396 7569 7744 7921 8100 8281 8464 8649 8836 9025 9216 9409 9604 9801 10000 10201 10404 10609 10816 11025 11236 11449 11664 11881 12100 12321 12544 12769 12996 13225 13456 13689 13924 14161 14400 14641 14884 15129 15376 15625 15876 16129 16384 16641 16900 17161 17424 17689 17956 18225 18496 18769 19044 19321 19600 19881 20164 20449 20736 21025 21316 21609 21904 22201 22500 22801 23104 23409 23716 24025 24336 24649 24964 25281 25600 25921 26244 26569 26896 27225 27556 27889 28224 28561 28900 29241 29584 29929 30276 30625 
5929 6084 6241 6400 6561 6724 6889 7056 7225 7396 7569 7744 7921 8100 8281 8464 8649 8836 9025 9216 9409 9604 9801 10000 10201 10404 10609 10816 11025 11236 11449 11664 11881 12100 12321 12544 12769 12996 13225 13456 13689 13924 14161 14400 14641 14884 15129 15376 15625 15876 16129 16384 16641 16900 17161 17424 17689 17956 18225 18496 18769 19044 19321 19600 19881 20164 20449 20736 21025 21316 21609 21904 22201 22500 22801 23104 23409 23716 24025 24336 24649 24964 25281 25600 25921 26244 26569 26896 27225 27556 27889 28224 28561 28900 29241 29584 29929 30276 30625 30976 
6084 6241 6400 6561 6724 6889 7056 7225 7396 7569 7744 7921 8100 8281 8464 8649 8836 9025 9216 9409 9604 9801 10000 10201 10404 10609 10816 11025 11236 11449 11664 11881 12100 12321 12544 12769 12996 13225 13456 13689 13924 14161 14400 14641 14884 15129 15376 15625 15876 16129 16384 16641 16900 17161 17424 17689 17956 18225 18496 18769 19044 19321 19600 19881 20164 20449 20736 21025 21316 21609 21904 22201 22500 22801 23104 23409 23716 24025 24336 24649 24964 25281 25600 25921 26244 26569 26896 27225 27556 27889 28224 28561 28900 29241 29584 29929 30276 30625 30976 31329 
6241 6400 6561 6724 6889 7056 7225 7396 7569 7744 7921 8100 8281 8464 8649 8836 9025 9216 9409 9604 9801 10000 10201 10404 10609 10816 11025 11236 11449 11664 11881 12100 12321 12544 12769 12996 13225 13456 13689 13924 14161 14400 14641 14884 15129 15376 15625 15876 16129 16384 16641 16900 17161 17424 17689 17956 18225 18496 18769 19044 19321 19600 19881 20164 20449 20736 21025 21316 21609 21904 22201 22500 22801 23104 23409 23716 24025 24336 24649 24964 25281 25600 25921 26244 26569 26896 27225 27556 27889 28224 28561 28900 29241 29584 29929 30276 30625 30976 31329 31684 
6400 6561 6724 6889 7056 7225 7396 7569 7744 7921 8100 8281 8464 8649 8836 9025 9216 9409 9604 9801 10000 10201 10404 10609 10816 11025 11236 11449 11664 11881 12100 12321 12544 12769 12996 13225 13456 13689 13924 14161 14400 14641 14884 15129 15376 15625 15876 16129 16384 16641 16900 17161 17424 17689 17956 18225 18496 18769 19044 19321 19600 19881 20164 20449 20736 21025 21316 21609 21904 22201 22500 22801 23104 23409 23716 24025 24336 24649 24964 25281 25600 25921 26244 26569 26896 27225 27556 27889 28224 28561 28900 29241 29584 29929 30276 30625 30976 31329 31684 32041 
6561 6724 6889 7056 7225 7396 7569 7744 7921 8100 8281 8464 8649 8836 9025 9216 9409 9604 9801 10000 10201 10404 10609 10816 11025 11236 11449 11664 11881 12100 12321 12544 12769 12996 13225 13456 13689 13924 14161 14400 14641 14884 15129 15376 15625 15876 16129 16384 16641 16900 17161 17424 17689 17956 18225 18496 18769 19044 19321 19600 19881 20164 20449 20736 21025 21316 21609 21904 22201 22500 22801 23104 23409 23716 24025 24336 24649 24964 25281 25600 25921 26244 26569 26896 27225 27556 27889 28224 28561 28900 29241 29584 29929 30276 30625 30976 31329 31684 32041 32400 
6724 6889 7056 7225 7396 7569 7744 7921 8100 8281 8464 8649 8836 9025 9216 9409 9604 9801 10000 10201 10404 10609 10816 11025 11236 11449 11664 11881 12100 12321 12544 12769 12996 13225 13456 13689 13924 14161 14400 14641 14884 15129 15376 15625 15876 16129 16384 16641 16900 17161 17424 17689 17956 18225 18496 18769 19044 19321 19600 19881 20164 20449 20736 21025 21316 21609 21904 22201 22500 22801 23104 23409 23716 24025 24336 24649 24964 25281 25600 25921 26244 26569 26896 27225 27556 27889 28224 28561 28900 29241 29584 29929 30276 30625 30976 31329 31684 32041 32400 32761 
6889 7056 7225 7396 7569 7744 7921 8100 8281 8464 8649 8836 9025 9216 9409 9604 9801 10000 10201 10404 10609 10816 11025 11236 11449 11664 11881 12100 12321 12544 12769 12996 13225 13456 13689 13924 14161 14400 14641 14884 15129 15376 15625 15876 16129 16384 16641 16900 17161 17424 17689 17956 18225 18496 18769 19044 19321 19600 19881 20164 20449 20736 21025 21316 21609 21904 22201 22500 22801 23104 23409 23716 24025 24336 24649 24964 25281 25600 25921 26244 26569 26896 27225 27556 27889 28224 28561 28900 29241 29584 29929 30276 30625 30976 31329 31684 32041 32400 32761 33124 
7056 7225 7396 7569 7744 7921 8100 8281 8464 8649 8836 9025 9216 9409 9604 9801 10000 10201 10404 10609 10816 11025 11236 11449 11664 11881 12100 12321 12544 12769 12996 13225 13456 13689 13924 14161 14400 14641 14884 15129 15376 15625 15876 16129 16384 16641 16900 17161 17424 17689 17956 18225 18496 18769 19044 19321 19600 19881 20164 20449 20736 21025 21316 21609 21904 22201 22500 22801 23104 23409 23716 24025 24336 24649 24964 25281 25600 25921 26244 26569 26896 27225 27556 27889 28224 28561 28900 29241 29584 29929 30276 30625 30976 31329 31684 32041 32400 32761 33124 33489 
7225 7396 7569 7744 7921 8100 8281 8464 8649 8836 9025 9216 9409 9604 9801 10000 10201 10404 10609 10816 11025 11236 11449 11664 11881 12100 12321 12544 12769 12996 13225 13456 13689 13924 14161 14400 14641 14884 15129 15376 15625 15876 16129 16384 16641 16900 17161 17424 17689 17956 18225 18496 18769 19044 19321 19600 19881 20164 20449 20736 21025 21316 21609 21904 22201 22500 22801 23104 23409 23716 24025 24336 24649 24964 25281 25600 25921 26244 26569 26896 27225 27556 27889 28224 28561 28900 29241 29584 29929 30276 30625 30976 31329 31684 32041 32400 32761 33124 33489 33856 
7396 7569 7744 7921 8100 8281 8464 8649 8836 9025 9216 9409 9604 9801 10000 10201 10404 10609 10816 11025 11236 11449 11664 11881 12100 12321 12544 12769 12996 13225 13456 13689 13924 14161 14400 14641 14884 15129 15376 15625 15876 16129 16384 16641 16900 17161 17424 17689 17956 18225 18496 18769 19044 19321 19600 19881 20164 20449 20736 21025 21316 21609 21904 22201 22500 22801 23104 23409 23716 24025 24336 24649 24964 25281 25600 25921 26244 26569 26896 27225 27556 27889 28224 28561 28900 29241 29584 29929 30276 30625 30976 31329 31684 32041 32400 32761 33124 33489 33856 34225 
7569 7744 7921 8100 8281 8464 8649 8836 9025 9216 9409 9604 9801 10000 10201 10404 10609 10816 11025 11236 11449 11664 11881 12100 12321 12544 12769 12996 13225 13456 13689 13924 14161 14400 14641 14884 15129 15376 15625 15876 16129 16384 16641 16900 17161 17424 17689 17956 18225 18496 18769 19044 19321 19600 19881 20164 20449 20736 21025 21316 21609 21904 22201 22500 22801 23104 23409 23716 24025 24336 24649 24964 25281 25600 25921 26244 26569 26896 27225 27556 27889 28224 28561 28900 29241 29584 29929 30276 30625 30976 31329 31684 32041 32400 32761 33124 33489 33856 34225 34596 
7744 7921 8100 8281 8464 8649 8836 9025 9216 9409 9604 9801 10000 10201 10404 10609 10816 11025 11236 11449 11664 11881 12100 12321 12544 12769 12996 13225 13456 13689 13924 14161 14400 14641 14884 15129 15376 15625 15876 16129 16384 16641 16900 17161 17424 17689 17956 18225 18496 18769 19044 19321 19600 19881 20164 20449 20736 21025 21316 21609 21904 22201 22500 22801 23104 23409 23716 24025 24336 24649 24964 25281 25600 25921 26244 26569 26896 27225 27556 27889 28224 28561 28900 29241 29584 29929 30276 30625 30976 31329 31684 32041 32400 32761 33124 33489 33856 34225 34596 34969 
7921 8100 8281 8464 8649 8836 9025 9216 9409 9604 9801 10000 10201 10404 10609 10816 11025 11236 11449 11664 11881 12100 12321 12544 12769 12996 13225 13456 13689 13924 14161 14400 14641 14884 15129 15376 15625 15876 16129 16384 16641 16900 17161 17424 17689 17956 18225 18496 18769 19044 19321 19600 19881 20164 20449 20736 21025 21316 21609 21904 22201 22500 22801 23104 23409 23716 24025 24336 24649 24964 25281 25600 25921 26244 26569 26896 27225 27556 27889 28224 28561 28900 29241 29584 29929 30276 30625 30976 31329 31684 32041 32400 32761 33124 33489 33856 34225 34596 34969 35344 
8100 8281 8464 8649 8836 9025 9216 9409 9604 9801 10000 10201 10404 10609 10816 11025 11236 11449 11664 11881 12100 12321 12544 12769 12996 13225 13456 13689 13924 14161 14400 14641 14884 15129 15376 15625 15876 16129 16384 16641 16900 17161 17424 17689 17956 18225 18496 18769 19044 19321 19600 19881 20164 20449 20736 21025 21316 21609 21904 22201 22500 22801 23104 23409 23716 24025 24336 24649 24964 25281 25600 25921 26244 26569 26896 27225 27556 27889 28224 28561 28900 29241 29584 29929 30276 30625 30976 31329 31684 32041 32400 32761 33124 33489 33856 34225 34596 34969 35344 35721 
8281 8464 8649 8836 9025 9216 9409 9604 9801 10000 10201 10404 10609 10816 11025 11236 11449 11664 11881 12100 12321 12544 12769 12996 13225 13456 13689 13924 14161 14400 14641 14884 15129 15376 15625 15876 16129 16384 16641 16900 17161 17424 17689 17956 18225 18496 18769 19044 19321 19600 19881 20164 20449 20736 21025 21316 21609 21904 22201 22500 22801 23104 23409 23716 24025 24336 24649 24964 25281 25600 25921 26244 26569 26896 27225 27556 27889 28224 28561 28900 29241 29584 29929 30276 30625 30976 31329 31684 32041 32400 32761 33124 33489 33856 34225 34596 34969 35344 35721 36100 
8464 8649 8836 9025 9216 9409 9604 9801 10000 10201 10404 10609 10816 11025 11236 11449 11664 11881 12100 12321 12544 12769 12996 13225 13456 13689 13924 14161 14400 14641 14884 15129 15376 15625 15876 16129 16384 16641 16900 17161 17424 17689 17956 18225 18496 18769 19044 19321 19600 19881 20164 20449 20736 21025 21316 21609 21904 22201 22500 22801 23104 23409 23716 24025 24336 24649 24964 25281 25600 25921 26244 26569 26896 27225 27556 27889 28224 28561 28900 29241 29584 29929 30276 30625 30976 31329 31684 32041 32400 32761 33124 33489 33856 34225 34596 34969 35344 35721 36100 36481 
8649 8836 9025 9216 9409 9604 9801 10000 10201 10404 10609 10816 11025 11236 11449 11664 11881 12100 12321 12544 12769 12996 13225 13456 13689 13924 14161 14400 14641 14884 15129 15376 15625 15876 16129 16384 16641 16900 17161 17424 17689 17956 18225 18496 18769 19044 19321 19600 19881 20164 20449 20736 21025 21316 21609 21904 22201 22500 22801 23104 23409 23716 24025 24336 24649 24964 25281 25600 25921 26244 26569 26896 27225 27556 27889 28224 28561 28900 29241 29584 29929 30276 30625 30976 31329 31684 32041 32400 32761 33124 33489 33856 34225 34596 34969 35344 35721 36100 36481 36864 
8836 9025 9216 9409 9604 9801 10000 10201 10404 10609 10816 11025 11236 11449 11664 11881 12100 12321 12544 12769 12996 13225 13456 13689 13924 14161 14400 14641 14884 15129 15376 15625 15876 16129 16384 16641 16900 17161 17424 17689 17956 18225 18496 18769 19044 19321 19600 19881 20164 20449 20736 21025 21316 21609 21904 22201 22500 22801 23104 23409 23716 24025 24336 24649 24964 25281 25600 25921 26244 26569 26896 27225 27556 27889 28224 28561 28900 29241 29584 29929 30276 30625 30976 31329 31684 32041 32400 32761 33124 33489 33856 34225 34596 34969 35344 35721 36100 36481 36864 37249 
9025 9216 9409 9604 9801 10000 10201 10404 10609 10816 11025 11236 11449 11664 11881 12100 12321 12544 12769 12996 13225 13456 13689 13924 14161 14400 14641 14884 15129 15376 15625 15876 16129 16384 16641 16900 17161 17424 17689 17956 18225 18496 18769 19044 19321 19600 19881 20164 20449 20736 21025 21316 21609 21904 22201 22500 22801 23104 23409 23716 24025 24336 24649 24964 25281 25600 25921 26244 26569 26896 27225 27556 27889 28224 28561 28900 29241 29584 29929 30276 30625 30976 31329 31684 32041 32400 32761 33124 33489 33856 34225 34596 34969 35344 35721 36100 36481 36864 37249 37636 
96 97 98 99 100 101 102 103 104 105 106 107 108 109 110 111 112 113 114 115 116 117 118 119 120 121 122 123 124 125 126 127 128 129 130 131 132 133 134 135 136 137 138 139 140 141 142 143 144 145 146 147 148 149 150 151 152 153 154 155 156 157 158 159 160 161 162 163 164 165 166 167 168 169 170 171 172 173 174 175 176 177 178 179 180 181 182 183 184 185 186 187 188 189 190 191 192 193 194 195 
97 98 99 100 101 102 103 104 105 106 107 108 109 110 111 112 113 114 115 116 117 118 119 120 121 122 123 124 125 126 127 128 129 130 131 132 133 134 135 136 137 138 139 140 141 142 143 144 145 146 147 148 149 150 151 152 153 154 155 156 157 158 159 160 161 162 163 164 165 166 167 168 169 170 171 172 173 174 175 176 177 178 179 180 181 182 183 184 185 186 187 188 189 190 191 192 193 194 195 196 
98 99 100 101 102 103 104 105 106 107 108 109 110 111 112 113 114 115 116 117 118 119 120 121 122 123 124 125 126 127 128 129 130 131 132 133 134 135 136 137 138 139 140 141 142 143 144 145 146 147 148 149 150 151 152 153 154 155 156 157 158 159 160 161 162 163 164 165 166 167 168 169 170 171 172 173 174 175 176 177 178 179 180 181 182 183 184 185 186 187 188 189 190 191 192 193 194 195 196 197 
99 100 101 102 103 104 105 106 107 108 109 110 111 112 113 114 115 116 117 118 119 120 121 122 123 124 125 126 127 128 129 130 131 132 133 134 135 136 137 138 139 140 141 142 143 144 145 146 147 148 149 150 151 152 153 154 155 156 157 158 159 160 161 162 163 164 165 166 167 168 169 170 171 172 173 174 175 176 177 178 179 180 181 182 183 184 185 186 187 188 189 190 191 192 193 194 195 196 197 198 
